4.82045    0.684332    -0.454123    -0.00172993    0    -0.850156
6.47243    0.977245    -1.52851    -0.246688    -5.19856e-09    -0.789582
6.64205    0.950446    -1.65576    -0.23502    0.0256994    -0.845098
3.81008    0.67668    2.39988    -0.227592    -0.00362521    -0.718109
4.75452    0.910799    -1.18443    -0.0275476    0    -0.63133
3.44274    -0.626988    -2.16057    -0.142677    0.00176003    -0.969622
7.30398    0.994397    1.22976    -0.213684    -0.000466116    -0.908578
6.84491    0.744857    -2.35901    0.0543926    1.14624e-09    -0.982744
7.18555    0.850718    2.46312    -0.197197    -2.93847e-09    -0.932249
2.9388    0.469943    -1.2514    0.0206767    0    -0.397628
5.67135    0.729139    -1.92571    -0.244678    0    -0.807584
7.51376    0.994259    -2.25305    -0.0481635    0    -0.978516
2.18469    0.829122    0.591414    -0.113236    -0.00213171    -0.751606
7.25548    0.929266    -0.206481    -0.117782    -0.000625012    -0.983067
6.83956    0.954231    -3.12576    -0.00866836    0    -0.887202
9.04528    0.963949    0.486338    -0.0374302    0    -0.997311
6.7177    0.936141    -0.995659    -0.203288    3.02922e-09    -0.924505
0.869835    0.653513    -2.92165    0.0164755    0    -0.183375
4.79947    0.914644    -0.65185    0.0200246    0.000525241    -0.708533
8.23547    0.981047    2.92614    -0.126344    0    -0.980164
9.10399    0.986568    -1.35527    -0.0655116    0    -0.994348
3.5576    0.844908    -2.16926    -0.0127202    -2.68059e-10    -0.753099
6.89931    0.970731    -0.246902    -0.120737    -0.000954079    -0.982364
0.996471    0.773825    2.38195    0.192671    0    0.145525
8.90221    0.980202    -1.86061    -0.124612    -1.85687e-09    -0.980781
6.95714    0.867401    -1.89737    -0.225617    0    -0.884018
2.96737    0.52612    0.129777    0.0365695    -0.0261228    -0.656146
8.71394    0.91206    -1.51245    -0.0144073    0    -0.998597
5.90693    0.961823    -2.00205    -0.0320069    -0.0326384    -0.967445
6.45113    0.802928    -0.15742    -0.216558    -3.22696e-09    -0.903398
5.372    0.924079    -1.20338    -0.24628    0    -0.665284
4.03962    0.901849    0.833593    0.00235831    0    -0.555496
8.08996    0.994778    2.04316    0.0188335    0    -0.976803
0.467022    0.869705    -0.630781    -0.289584    0    0.0701423
8.05385    0.859314    -1.68245    -0.127904    -0.000115614    -0.979339
6.04414    0.818542    -2.51401    -0.16422    0.0347803    -0.934492
4.45545    0.449301    -0.0545437    -0.24604    0    -0.796111
7.96419    0.926499    2.21526    -0.0473772    0    -0.996449
5.94162    0.785437    0.454888    0.000742072    0    -0.909131
3.69385    0.890584    3.04614    0.0343933    0    -0.524555
3.82331    0.875937    -2.40299    -0.208563    0    -0.436657
4.3744    0.72456    -2.07632    -0.0187097    -2.78797e-10    -0.754218
2.67846    0.201788    1.18081    -0.0508055    0    -0.420759
5.10659    0.949847    -0.620546    -0.248984    0    -0.747061
0.218934    0.738395    0.343016    -0.181172    2.69968e-09    -0.333916
6.64945    0.732684    0.447468    0.036606    7.71414e-10    -0.965749
3.8908    0.767614    2.7653    0.0241923    0    -0.483247
4.38662    0.991913    -1.79597    -0.000453368    -0.0063827    -0.655079
9.38722    0.983547    -0.984417    -0.0401907    -0.000714484    -0.99709
4.78142    0.76076    -0.331997    -0.0153448    0    -0.784035
3.15528    0.89199    -1.35628    -0.220813    0.00975058    -0.514234
7.44073    0.997614    1.27042    -0.0528109    0    -0.995894
6.06193    0.866078    -2.2248    -0.228954    0    -0.875317
5.88569    0.994577    -2.96498    -0.0158905    0    -0.783292
8.59574    0.986036    -0.998949    -0.0531665    -7.92243e-10    -0.995856
4.96236    0.779534    2.84042    -0.234993    0    -0.570324
3.92201    0.96613    -2.67549    0.00787203    0    -0.633832
8.26636    0.966689    -2.95018    -0.141025    0    -0.97422
2.92496    0.972986    -2.65719    -0.0250964    0    -0.20996
3.52972    0.534791    1.69744    -0.241997    0    -0.621615
6.73069    0.960509    -2.2744    0.0213567    -1.40688e-05    -0.952641
6.49662    0.886386    1.29605    -0.0283357    0    -0.957735
7.78104    0.999187    1.47179    -0.198001    0    -0.931283
6.72642    0.981317    2.63622    -0.188631    -0.00857906    -0.931898
1.43219    0.857888    -0.983094    0.0122514    0    0.0880018
3.05907    0.326809    -2.24367    0.00484833    0    -0.296928
5.30647    0.607364    -0.506592    0.000235406    0    -0.869646
5.73465    0.926208    -2.02309    -0.24888    0    -0.715
4.57602    0.773331    -2.34725    -0.0456778    -6.80652e-10    -0.575938
6.57717    0.927878    2.86236    -0.0392493    0.0188657    -0.996987
9.07645    0.996121    0.285728    -0.00354844    -7.47779e-11    -0.998818
7.02124    0.976813    1.9959    -0.243381    3.62666e-09    -0.816676
3.46605    0.497156    2.97162    0.00734151    -3.33665e-05    -0.728742
2.32496    0.79298    -0.384906    -0.0412085    0    -0.248449
4.12086    0.563181    -0.834141    -0.228156    -0.000238708    -0.533115
4.85667    0.999218    -1.60862    0.0143402    0    -0.545568
3.91656    0.987467    -0.484259    -0.023875    -0.0110437    -0.616035
1.47836    0.356691    0.880174    0.00906242    1.35041e-10    -0.0136397
7.52227    0.811912    0.921923    -0.0980238    0    -0.988449
1.64422    0.939035    -1.94754    0.014027    2.09018e-10    -0.185135
3.46915    0.978593    -2.30693    -0.189119    0    -0.361484
7.39058    0.804687    -2.31382    -0.0413405    0    -0.977187
8.09906    0.936133    -0.755959    -0.0587462    0    -0.995217
6.43729    0.978974    -2.41391    -0.248335    0    -0.766181
6.61513    0.927172    1.50835    0.0583813    -0.00166932    -0.990564
7.05012    0.905555    -0.585842    -0.224808    0    -0.885979
6.34691    0.745964    2.02483    0.000112932    2.91474e-12    -0.959965
5.8213    0.99959    1.05779    -0.245905    3.66427e-09    -0.797363
7.46464    0.977532    -2.21495    -0.231944    0    -0.866529
7.70838    0.979226    2.6551    -0.028663    0    -0.950872
4.14858    0.879449    0.23596    0.0294123    6.19818e-10    -0.439938
6.13334    0.823584    1.12676    -0.239615    0    -0.837368
6.63173    0.980669    -1.51612    -0.00345561    0    -0.854697
1.58413    0.120349    -0.691323    0.0238421    0    -0.37339
5.86304    0.957436    -1.85797    -0.0238567    0    -0.752236
7.65446    0.945202    -1.56155    -0.138972    0    -0.975135
6.66778    0.480539    2.22157    -0.0292506    -4.35867e-10    -0.971552
7.19309    0.955777    -0.849267    0.0379636    0.00155207    -0.980138
8.59295    0.990636    -1.20136    -0.153794    0    -0.96782
8.47344    0.828662    -0.642605    -0.0751886    0    -0.99291
8.48289    0.943349    0.812531    -0.122406    0    -0.981543
8.05802    0.990876    -2.13176    0.00932877    0    -0.975932
2.99397    0.630128    -1.45207    -0.0162889    -0.0432218    -0.650978
3.3683    0.641365    -0.771016    -0.205678    0    -0.424674
2.50953    0.795868    0.926504    -0.0272635    0    -0.110675
0.813499    0.185169    1.45276    -0.0221629    -3.30253e-10    -0.112848
0.726183    -0.908933    2.27975    -0.0221629    -3.30253e-10    -0.112848
6.7327    0.589207    -0.983831    -0.219187    3.26614e-09    -0.898298
3.19029    0.978909    -2.58888    0.0356199    7.50633e-10    -0.301354
3.96424    0.866972    -1.24921    0.0223572    0.00378214    -0.698032
6.96263    0.970132    -2.0898    -0.243962    0    -0.812777
7.55971    0.986718    0.260504    -0.00753497    1.1228e-10    -0.998776
5.24403    0.805128    1.3397    -0.0314295    -6.62327e-10    -0.689105
7.20865    0.68499    -2.25873    0.058583    8.72955e-10    -0.997194
5.97992    0.999976    2.46666    0.000630901    0    -0.771517
3.03871    -0.906845    2.46244    -0.240782    0    -0.831633
8.63855    0.74964    -0.484904    -0.0154979    -0.000758958    -0.998544
1.02809    0.33185    -0.659895    -0.221601    0.00317263    -0.491921
3.1071    0.292013    1.5201    -0.016918    -3.5652e-10    -0.933787
7.19379    0.918106    1.24756    0.0201084    0    -0.934416
5.78234    0.995558    -2.69698    -0.0179712    0    -0.784661
8.98057    0.975064    3.06065    -0.0984334    1.46677e-09    -0.988353
6.58251    0.789703    0.79082    -0.00854973    0    -0.886858
2.20436    0.483563    -0.626455    0.025384    0    -0.217649
8.38295    0.960648    -1.42049    -0.179688    0    -0.949939
8.21087    0.918761    -2.29912    -0.0767494    0    -0.992655
9.3745    0.997443    -2.5144    -0.00455204    0    -0.998813
5.2918    0.940097    0.528953    0.0110104    0    -0.907463
3.44372    0.30034    2.63242    -0.240018    3.77377e-05    -0.601887
2.98205    0.0445076    1.96121    -0.220156    0    -0.488778
7.72592    0.971125    2.93487    -0.20343    -3.03135e-09    -0.924311
7.18349    0.967232    -1.58873    0.0334818    0    -0.97812
6.11448    0.998277    1.69368    0.00938669    1.39873e-10    -0.787393
3.00772    0.854621    2.96324    -0.0423886    0    -0.285009
3.99099    0.9413    -2.16742    -0.216472    3.22568e-09    -0.471429
3.90165    0.917531    -0.839613    -0.23721    0    -0.585099
5.26983    0.970846    3.02526    0.000403567    0    -0.674074
9.15093    0.986698    -2.585    -0.0675401    0    -0.994066
6.8184    0.928799    1.36622    0.00464701    9.79284e-11    -0.898997
3.97204    0.596298    1.05765    -0.0449136    -6.69265e-10    -0.545715
3.19515    0.990776    -1.53822    -0.199089    0    -0.398481
1.29839    0.960501    0.030693    -0.258131    -0.0648964    -0.335643
0.0707187    0.916313    1.10724    0.0322474    0    -0.24329
4.25265    0.795477    -0.085953    -0.00148519    0.00520314    -0.865739
6.51969    0.984883    -0.62892    -0.00167972    0    -0.868704
8.24107    0.949798    -2.70167    -0.124657    -0.000471802    -0.980992
1.25552    0.981679    3.09726    -0.119444    -1.77985e-09    -0.161603
8.79605    0.979355    -2.93155    -0.132957    0    -0.977653
9.48652    0.99908    1.67976    -0.0282981    0    -0.997939
2.756    0.749382    -1.71127    -0.0364977    -5.43859e-10    -0.302259
7.07034    0.721441    2.20301    0.0324984    0.00121373    -0.961748
8.68926    0.966683    2.98708    -0.055254    0    -0.995625
0.806564    -0.920804    -2.43712    0.0372549    -0.0245517    -0.8352
7.03635    0.935328    -1.82948    -0.178169    -1.43925e-05    -0.950879
5.8746    0.980216    -1.24863    0.0125489    0    -0.766465
1.12971    -0.575955    -1.9637    -0.0492525    0    -0.243296
3.50025    0.899471    -1.58923    -0.24807    0    -0.693164
3.70345    0.978952    -2.70092    -0.0524726    -1.10578e-09    -0.34286
9.36719    0.997349    -3.06846    -0.0120001    0    -0.998672
3.31029    0.629629    2.54949    -0.00102626    0.00139299    -0.864258
2.35331    -0.536308    1.56053    -0.00752238    0    -0.085999
2.02546    0.756858    -2.70407    -0.00752238    0    -0.085999
8.94518    0.995713    1.54012    -0.0970728    0    -0.988669
6.00354    0.915774    2.40754    0.00302656    -0.00192511    -0.881279
8.82835    0.994279    2.45501    -0.0308866    0.000706411    -0.997727
7.05393    0.953995    -0.448773    -0.0580155    0    -0.995304
1.55563    0.509688    0.372566    -0.0310103    -0.000913749    -0.153831
3.90848    0.374462    -1.59183    -0.221433    0.000613843    -0.493835
4.04211    0.0554693    -1.40747    -0.0384472    0    -0.624349
5.17432    0.831237    -2.49488    0.0172946    3.64457e-10    -0.740026
4.17918    0.891398    -0.988405    -0.0243304    0.0469549    -0.93215
5.7871    0.913374    1.21532    -0.247467    -3.68755e-09    -0.682293
3.28782    0.266727    -1.98932    0.0215544    0.00194116    -0.718208
1.15498    -0.0899351    -0.245917    -0.042139    0.000612954    -0.208526
4.04597    0.99762    -1.11746    0.038991    0    -0.412576
3.02039    0.966002    2.45589    -0.00608406    -1.57027e-10    -0.225451
5.30713    0.608125    0.0112241    -0.247646    0    -0.77776
4.35995    0.915375    1.77625    -0.00154752    0.00609309    -0.87627
5.44676    0.916089    1.18384    0.00238911    3.56005e-11    -0.903767
5.96769    0.973222    1.14773    0.00455262    0    -0.821467
3.96862    0.487912    1.92798    0.0281317    0    -0.647037
3.36268    0.836771    1.27674    -0.199049    -2.96606e-09    -0.398325
7.16903    0.949529    -1.87092    -0.180761    -0.030885    -0.935119
5.11015    0.968392    -1.57139    -0.0117424    0    -0.812599
4.81574    0.96716    -0.279455    -0.242372    0    -0.822908
6.65206    0.328892    0.442166    -0.044807    0    -0.975578
8.16757    0.87791    -1.60497    -0.0845232    0    -0.991282
7.15422    0.944372    0.876299    -0.237349    0    -0.847297
7.65083    0.988099    0.292881    -0.0647027    0.000115113    -0.994343
9.07297    0.99548    0.680958    -0.0931787    -2.4049e-09    -0.989536
6.25442    0.841039    2.26583    -0.232716    0    -0.864075
9.11802    0.980356    0.709155    -0.0247463    0    -0.998141
7.91665    0.92432    3.08881    -0.0375775    -5.59948e-10    -0.9973
1.06857    0.409923    3.05407    -0.12864    0    -0.183271
7.3854    0.952107    2.77134    -0.0263523    -3.9268e-10    -0.998053
2.64803    0.571937    -2.83693    -0.210663    -3.13912e-09    -0.445598
1.71783    0.0487639    -2.25152    -0.00723329    0    -0.0460053
1.58659    0.6612    1.50621    -0.11292    0    -0.147004
0.726037    0.552666    -0.215934    -0.218124    0    0.223374
2.22834    0.928919    2.09799    0.0209444    0    -0.258765
9.64934    0.998793    -1.53761    -0.00446229    0    -0.998813
8.83586    0.990749    2.40071    -0.131011    0    -0.978419
5.66976    0.980395    1.69232    0.00244966    0    -0.759863
9.20246    0.988297    1.74152    -0.0191264    0    -0.998414
2.95741    0.375405    -2.80876    -0.03985    -5.93811e-10    -0.439249
8.96314    0.994275    2.28983    -0.0665472    0    -0.994205
0.759474    0.837469    -2.01682    -0.0686054    0    -0.0645668
1.83196    0.162053    2.71574    0.0338468    0.000146147    -0.334181
5.03394    0.517704    -1.8171    -0.0577255    0.0133784    -0.993815
5.81956    0.98306    -2.43001    0.0261996    -0.0692164    -0.936047
0.531634    0.690152    1.01259    0.0877036    -0.275664    -0.29826
2.83574    0.335899    1.67944    -0.14704    0.0103389    -0.909644
2.71534    0.237166    -2.11739    -0.0453849    0    -0.31628
2.18807    0.836972    -2.11012    -0.217771    0.00385912    -0.475309
6.97244    0.761688    1.39241    -0.0362524    0.00348948    -0.989181
9.60392    0.994404    -2.29255    -0.0173448    0    -0.998488
5.31389    0.803696    -2.75386    -0.0245099    -0.000947785    -0.782821
8.07708    0.695933    -2.19273    -0.00257548    -5.42742e-11    -0.998817
1.62861    0.671984    -0.305942    0.0140127    0    0.0538503
2.84639    0.839185    1.11205    -0.23917    0    -0.599129
7.21783    0.980041    1.82241    -0.0421873    0    -0.97107
4.38972    0.996418    -1.01003    0.0268961    0    -0.583889
5.10438    0.951052    0.648257    -0.238754    -3.55771e-09    -0.596064
6.98787    0.914314    -2.5933    -0.226002    0    -0.883065
8.43311    0.999473    1.17002    -0.143927    0    -0.972876
4.31368    0.98082    -2.68719    -0.220737    0    -0.491593
6.34185    0.589025    3.07604    -0.166896    -2.48695e-09    -0.959739
9.08055    0.997677    0.127428    -0.0466194    -6.94683e-10    -0.996521
5.31814    0.71828    1.41493    -0.000252323    0    -0.856099
1.90741    0.335272    -2.38474    -0.000854325    0    -0.310336
0.706418    0.870731    -1.30067    -0.0422961    -6.30261e-10    -0.0364883
4.47412    0.96229    2.13998    0.0278741    7.19417e-10    -0.570382
6.70732    0.690854    1.70318    -0.13927    0    -0.975004
6.01509    0.751504    -0.147166    0.0187231    2.78996e-10    -0.944624
8.04671    0.874817    -0.051279    -0.0855536    0    -0.991087
1.34274    0.475554    -2.25181    0.0100227    0    -0.401128
2.28727    0.339903    0.576337    -0.232449    -0.0038286    -0.584676
6.23816    0.544189    -1.71912    0.000316562    0.000165001    -0.909105
3.26284    0.877527    1.52016    -0.0102846    0    -0.459194
3.05639    0.880861    1.05909    0.0307696    0    -0.231272
3.79161    0.92568    2.70073    -0.204781    4.31544e-09    -0.421015
4.38693    0.912148    2.97282    0.0346681    7.30575e-10    -0.548269
6.35992    0.993605    -0.543391    -0.243672    0    -0.814759
7.32043    0.883931    -1.45334    -0.191807    -2.85815e-09    -0.93834
8.55506    0.989646    -0.932458    -0.0507575    0    -0.996111
3.09343    0.781232    2.17923    -0.0362549    0    -0.304306
5.60153    0.769946    0.0883292    -0.000864726    0    -0.857422
1.40235    0.767713    2.47196    -0.127137    0.0632131    -0.387219
1.39628    -0.495736    -2.01545    0.0284762    -0.000638726    -0.381653
5.69245    0.974454    -2.75509    -0.0185707    0    -0.782493
0.903384    0.826093    0.176642    -0.168604    0    -0.293244
6.52381    0.974327    -1.99001    -0.00439645    -9.26483e-11    -0.848901
4.3922    0.953006    -1.13543    0.027438    7.08162e-10    -0.531178
8.22893    0.997411    0.523022    0.0135764    0    -0.974864
7.85638    0.97891    -0.161423    -0.0278602    0    -0.999587
6.66055    0.745059    1.25146    -0.0198941    -4.19237e-10    -0.967314
9.04425    0.963671    -1.96154    -0.00554051    0    -0.998804
1.74742    0.993833    -1.7977    -0.215311    0    -0.46613
3.07856    0.88518    -1.64614    0.0334572    8.63517e-10    -0.58422
8.17416    0.964607    2.89055    -0.161357    0    -0.963368
7.75284    0.976454    2.31137    -0.0178684    -3.76548e-10    -0.964362
2.44113    0.811277    2.71413    -0.187511    -0.000157696    -0.358471
7.38747    0.613148    1.233    -0.00394611    0.0155348    -0.995366
8.35109    0.942707    -2.89431    -0.104963    2.21194e-09    -0.98674
3.65381    0.816973    0.118834    -0.0303788    0    -0.515973
5.37556    0.640709    1.41702    -0.017549    0    -0.917014
7.18941    0.894806    1.04562    -0.220446    0    -0.895718
8.53813    0.950417    -2.85496    -0.0116161    -1.73093e-10    -0.998683
3.41531    0.578208    -2.61638    -0.0377262    0    -0.647537
2.63675    0.271064    1.748    0.0253754    0    -0.253624
4.91837    0.861295    -0.0909935    -0.0211305    0    -0.764364
6.45914    0.883737    1.51224    0.0366402    0    -0.974178
5.57662    0.952507    1.99505    0.0161709    2.40965e-10    -0.746965
1.53028    0.688427    0.792491    -0.000518973    0    -0.271357
0.642833    0.84415    -0.767827    0.24125    0.108008    0.131574
5.8824    0.919814    0.0390234    -0.249067    0    -0.725609
0.587104    0.0711163    1.52443    0.00707617    0.00347196    -0.645033
8.76704    0.987628    1.33665    -0.0314831    -4.69134e-10    -0.997737
7.17717    0.992478    -1.26333    -0.18058    0    -0.94917
4.744    0.879252    -0.859385    -0.246988    0    -0.674919
3.60953    0.758913    -3.01424    -0.0524913    0    -0.436427
4.92932    0.961522    -1.4475    -0.246329    0.00399785    -0.790446
7.90837    0.990658    2.45938    -0.0747816    -1.11433e-09    -0.992589
6.35565    0.855217    -0.304236    -0.00162188    0    -0.867217
3.3746    0.929634    1.33917    0.0232173    0    -0.272087
0.719958    0.800653    -2.05784    -0.0262459    0.00147813    -0.307022
6.3615    0.880519    -0.165526    -0.247568    -3.68905e-09    -0.778863
1.85787    0.83538    0.738218    0.00116079    0.015611    -0.589403
1.17756    0.784119    1.90941    0.046554    0.00313194    0.0257941
2.48543    0.978622    1.48206    0.00505671    0.000458313    -0.883278
2.86117    0.795623    -2.90082    -0.0341424    -0.00256023    -0.644817
5.48668    0.858591    2.76454    0.0101632    0    -0.919161
4.76455    0.849819    3.13892    -0.00824128    0.026928    -0.873766
6.09073    0.53546    -2.86335    -0.0701036    -0.0145383    -0.988609
6.35125    0.925275    -2.85543    -0.0391918    -0.0539694    -0.982827
3.12311    0.856968    -1.73537    -0.0535843    -1.1292e-09    -0.346898
2.73112    0.455586    -3.04952    -0.170844    0    -0.300252
8.8325    0.992249    1.14562    -0.0769305    -1.14635e-09    -0.992625
2.85498    0.985622    0.437347    0.00808666    1.20501e-10    -0.165464
6.66988    0.998932    -2.85541    -0.0120797    0    -0.900409
6.33003    0.951783    -0.725337    -0.247449    0    -0.780484
4.47304    0.702957    -2.19392    -0.0111434    0    -0.68667
9.16807    0.996054    -0.990793    -0.00442468    0    -0.998814
4.6813    0.757483    -2.13301    -0.0404132    0.000744655    -0.599291
6.15568    0.88823    0.0254535    7.61125e-06    0    -0.857773
2.10516    0.90518    1.02592    -0.0435452    0    -0.236441
9.51896    0.999937    -0.761714    -0.039785    0    -0.997124
1.35927    0.347161    0.347714    0.0177552    -0.000126163    -0.23197
4.65799    0.928813    0.305815    0.00333092    0    -0.706907
8.99615    0.94917    1.8792    -0.112943    -1.68298e-09    -0.984535
5.03564    0.894577    -2.34281    -0.0139755    0.00557297    -0.988238
3.1885    0.923781    -2.95146    -0.219641    0    -0.486302
7.75936    0.912688    -0.159387    -0.174943    -0.000495364    -0.953055
0.329858    0.473415    -1.08933    0.147644    0    0.468442
5.89782    0.481973    -2.98821    0.000568942    0    -0.874894
5.53423    0.589865    -2.81082    0.00407479    6.07191e-11    -0.904889
8.63012    0.87413    -0.707614    -0.00985539    -1.46857e-10    -0.998728
1.45669    0.807422    -3.12609    -0.0893707    0    0.0407889
9.58134    0.998671    -2.44591    -0.0279528    0    -0.99796
6.01562    0.513551    2.28863    -0.0133579    -2.81497e-10    -0.905381
3.7991    0.668252    0.637337    -0.230105    -4.84911e-09    -0.540759
8.51192    0.98649    -2.65203    -0.14234    0    -0.973619
4.7489    0.680823    -2.82857    0.018841    0    -0.717843
1.92259    0.847311    -0.125547    -0.203626    -0.0520134    -0.416283
7.12113    0.990563    -2.47248    0.0295272    -0.00254998    -0.97244
2.08236    0.819652    2.851    -0.15304    -2.28048e-09    -0.247183
3.12599    0.941429    1.08014    0.0208808    3.11149e-10    -0.313693
9.19188    0.976398    1.35733    -0.0763663    0    -0.992718
1.50247    0.803502    1.56782    0.00143847    0    -0.0712169
4.89325    0.981659    -0.828337    -0.0181945    0.00464712    -0.781513
8.08479    0.810714    2.57203    -0.165133    0    -0.96093
0.486931    0.96486    -2.29541    -0.492796    0    -0.120733
6.37743    0.962243    0.0946582    0.000921798    1.37359e-11    -0.838982
6.47396    0.676285    -0.478715    -0.231606    0    -0.867577
8.62557    0.58292    -2.6224    -0.112966    0.000300245    -0.984483
6.59921    0.997011    -1.66156    -0.0635996    -0.000252913    -0.987799
6.71975    0.897184    -0.0599972    -0.178891    0.0111601    -0.952515
6.69639    0.933735    -0.378512    -0.212099    -0.00204594    -0.909447
5.77806    0.978352    -0.119452    -0.241454    -0.0317011    -0.738897
