0.391431    -0.977431    -2.44708    -0.0038485    -0.00108814    -0.0660877
5.71864    0.688992    1.19184    0.00737445    0    -0.898447
4.54334    0.963702    -1.66511    -0.00720554    -3.54764e-05    -0.821527
3.32299    0.895954    2.80799    -0.0354024    0    -0.391114
3.60163    0.980688    1.94103    0.0180695    0    -0.539961
6.18938    0.955828    1.35173    -0.00747479    2.22766e-10    -0.897303
0.260903    0.15006    -0.726014    -0.356588    -1.06272e-08    0.177648
7.81675    0.993521    2.45181    0.0319781    -9.53022e-10    -0.973456
1.88122    0.971166    -0.126739    -0.0258252    0    0.00118658
4.29463    0.448831    -3.0069    0.019217    0.00483294    -0.850948
4.12774    0.99654    2.77462    -0.0286342    -0.000400138    -0.735287
3.57824    0.442705    -0.744219    0.00916573    0    -0.747257
2.29109    0.854598    -2.16734    0.0332214    0    -0.249855
6.00677    0.866616    1.65257    0.0160385    0    -0.922327
7.95836    0.970394    -1.34836    0.0345902    0    -0.963079
2.21005    0.706484    -0.188239    0.032496    -0.0001886    -0.234167
1.99724    -0.968378    -0.48302    -0.0383621    0    -0.340746
5.37405    0.895235    -2.38478    -0.01354    4.03522e-10    -0.912301
3.27358    0.77171    1.76    0.0025297    0    -0.488539
7.9435    0.884823    1.99548    -0.0448765    0    -0.9743
6.35688    0.951687    1.89367    0.00516613    0    -0.895933
5.15754    0.984224    0.120364    0.00200868    -0.00227942    -0.814827
8.09561    0.9948    0.5404    -0.0183603    0    -0.977868
2.84909    0.989124    -0.974441    -0.0202048    0.00925952    -0.664914
2.53859    0.614193    0.405272    -0.035829    0.00821625    -0.521254
4.23773    0.901572    -1.86182    0.0226231    0    -0.548108
6.3809    0.94914    0.192623    -0.0115914    0    -0.90309
2.13991    0.651111    0.972285    -0.0289977    -0.0110829    -0.542128
2.58664    0.909444    2.18946    -0.030954    0    -0.177689
7.66538    0.954411    2.32528    -0.0413866    0    -0.977867
6.35138    0.988444    2.69887    -0.0202812    0.0229727    -0.94215
2.227    0.720677    1.91054    0.0100887    0    -0.398585
5.91334    0.993541    -1.54398    -0.0135477    0    -0.769773
7.11934    0.967926    -1.22707    0.00343289    0    -0.914576
5.35826    0.883775    2.26203    0.00309075    0    -0.714278
5.21186    0.979319    -2.30652    1.17015e-05    -0.000111508    -0.866251
3.0866    0.993217    1.89011    -0.0478318    0.0058468    -0.384123
1.24809    0.0410088    1.74126    0.0068182    0    -0.196639
1.08141    -0.515998    2.75823    0.0068182    0    -0.196639
4.49857    0.985358    2.22241    0.00515901    0.0113358    -0.81623
4.55404    0.890188    -2.46458    -0.0273783    0    -0.668261
4.11196    0.99272    -2.59414    0.0166289    0    -0.388938
3.09774    0.982717    2.48129    -0.0285911    0    -0.410648
5.82906    0.989411    -0.697866    0.00295974    -0.0114235    -0.87555
4.76464    0.565315    2.18285    0.00786774    -2.34477e-10    -0.743636
8.00369    0.891295    0.118978    -0.0467547    0    -0.991526
1.12448    0.87638    0.031778    -0.13863    0    0.149207
4.2209    0.94952    -0.300652    0.0275439    0    -0.508835
2.28571    0.984433    -0.811401    -0.00880519    0    -0.0565832
8.19711    0.962488    2.63766    -0.0636198    -1.89602e-09    -0.987575
1.93985    0.648112    1.71104    0.0116421    0.00364893    -0.645737
3.51542    0.986255    -2.71022    -0.0296395    0.0110313    -0.579727
3.00444    0.975701    -2.33167    -0.0429917    1.28125e-09    -0.195389
6.12768    0.618168    2.93084    -0.0127322    0    -0.918394
3.18265    0.838765    0.184498    0.0196853    0    -0.638356
1.41648    0.919377    2.33236    -0.0399415    0    -0.230801
6.09066    0.998631    2.36538    -0.0129113    0    -0.800548
4.26965    0.745883    1.81701    -0.00929858    0.00180913    -0.822422
5.1745    0.894064    1.12722    0.0240114    7.15596e-10    -0.682527
3.12426    0.779866    1.00083    -0.0473596    -1.41143e-09    -0.294082
2.80881    0.927653    3.08154    0.00121477    0    -0.152926
6.85879    0.993786    1.58262    0.0208077    -8.76979e-10    -0.943232
2.09169    0.934459    -1.92478    -0.0343901    -0.000386028    -0.158712
1.59078    0.920866    -0.630578    -0.0254272    0    0.000725313
5.92576    0.857226    0.94845    0.0142826    0    -0.922344
5.26634    0.885333    -1.24799    0.0151227    0    -0.722323
5.44322    0.685202    2.81346    0.000860914    0    -0.892913
2.84277    0.967243    0.807321    0.0185329    0    -0.171219
4.89085    0.947723    0.359707    -0.0288736    -0.000838269    -0.704349
8.24459    0.999896    0.840787    -0.0201029    5.99113e-10    -0.974996
3.53862    0.879474    1.2179    0.000569273    0    -0.351471
1.81314    0.993667    -1.85714    0.0145179    -4.32666e-10    -0.0141899
5.17337    0.60883    -2.1064    -0.00659924    0    -0.840894
3.24522    0.684088    -0.577233    -0.0490765    1.4626e-09    -0.457599
2.62711    0.96126    2.95074    -0.0996274    0.0305295    -0.695167
3.60279    0.348636    2.10844    -0.0298505    -0.00960875    -0.669203
1.74732    0.657967    1.43254    -0.00450454    1.98527e-05    -0.0284098
4.82346    0.943649    -3.05243    -0.0239454    0    -0.699663
7.0682    0.140467    -0.769168    -0.0260998    0.000116504    -0.989173
2.83294    0.925916    -2.96635    0.0232193    0    -0.200471
3.19375    0.681493    -0.57795    -0.0306309    0    -0.707323
4.98406    0.985585    2.81452    -0.040812    0    -0.602471
6.48005    0.988253    1.63084    -0.00310621    0    -0.844153
7.52369    0.776144    -1.56726    -0.0475227    1.41629e-09    -0.978418
5.27461    0.988881    0.821263    -0.0165919    0    -0.752171
2.29009    -0.460866    -1.69125    -0.0335243    -0.000499537    -0.298406
2.68698    0.799472    2.68625    -0.0517988    0    -0.318143
2.83916    0.917497    0.734082    0.0298299    0    -0.226584
1.09614    0.798236    -0.435662    0.0329292    -9.81366e-10    -0.251042
4.49766    0.604221    0.757776    -0.0244049    7.27324e-10    -0.74748
4.90481    0.998972    -1.39464    0.032787    0    -0.584638
5.89729    0.998028    -2.42374    -0.00336052    1.41635e-10    -0.763693
2.41934    0.922893    -0.280565    0.0101664    0    -0.109717
2.8564    0.255436    -2.15311    0.0386908    0    -0.332346
5.75703    0.852239    2.1888    0.013204    0    -0.91985
1.14853    0.778012    2.38214    -0.0257085    -1.08353e-09    -0.101723
6.72448    0.368649    2.52165    -0.0527714    0    -0.998077
6.17101    0.89265    2.08062    -0.0231636    -0.0148609    -0.94338
6.67772    0.994193    0.317882    -0.0375601    0    -0.963646
7.67048    0.974706    -2.70849    -0.0523104    2.20472e-09    -0.981619
4.96169    0.593905    2.3349    -0.00595475    0.0042052    -0.943366
5.58677    0.980704    -0.272288    -0.00650939    0    -0.841297
6.36355    0.933004    -1.11467    -0.00275766    0    -0.861339
7.88565    0.986296    2.22617    -0.0359713    -1.51608e-09    -0.966729
4.51154    0.674775    1.80829    0.013854    0    -0.675683
7.53134    0.812385    2.16165    0.0263516    -7.85338e-10    -0.953405
2.82779    0.902243    1.08921    0.00438605    0    -0.230172
4.71321    0.967363    2.76372    0.0216883    0    -0.669059
3.8749    0.990935    -1.48194    -0.0332256    -0.014529    -0.657741
2.29445    0.923064    -0.9798    -0.0363416    0    -0.156622
7.00212    0.993879    0.682488    0.00422407    1.25887e-10    -0.904238
2.37157    0.869286    -3.09456    -0.0200178    0.0126168    -0.633382
3.5367    0.974852    -0.941358    0.0313252    0    -0.435559
3.61874    0.364644    2.28529    0.0073502    -0.00119973    -0.88075
4.63709    0.74622    -2.68514    -0.000558445    0    -0.705318
6.97211    0.989914    -1.52778    -0.0107101    0.000765913    -0.936232
3.53142    0.720004    -0.651332    0.0334036    9.95503e-10    -0.383026
6.63459    0.665664    1.26399    -0.0336233    0.00278311    -0.986
3.68651    0.943947    -2.39082    0.0078597    0    -0.631722
4.91176    0.609013    -2.89912    -0.00215881    0.000231199    -0.827917
3.96279    0.993169    2.88445    -0.0101089    0.000190771    -0.582609
5.56576    0.930839    -1.5475    0.0185538    0    -0.720492
4.05788    0.950047    2.90622    0.0381088    -1.60617e-09    -0.454153
4.67385    0.855195    1.62791    -0.0272874    -8.13229e-10    -0.605896
2.44543    0.232174    -3.13326    -0.0367805    0.000127807    -0.157164
2.2833    0.900431    3.11373    -0.0109761    0    -0.0582115
3.88051    0.896776    -1.3803    0.0305566    1.28786e-09    -0.418549
3.43377    0.596308    2.6665    0.0238623    0    -0.686872
8.28036    0.958884    -1.07465    -0.0711802    4.74987e-05    -0.990951
3.21526    0.741285    -2.17837    0.0401184    1.69087e-09    -0.402178
0.503076    0.750034    3.0901    -0.10865    -5.60842e-09    0.317674
3.67803    0.628541    1.89877    -0.0303717    -0.000308251    -0.519876
5.32785    0.789179    -1.99041    0.0151909    0    -0.732517
4.1362    0.835778    -2.10578    -0.0380726    0    -0.648699
5.26379    0.85316    -0.834616    0.00232453    0    -0.879734
2.81385    0.985378    -0.820603    0.0283835    -8.45893e-10    -0.220453
0.900716    0.434777    0.481401    0.0155356    0.000951511    -0.710549
3.05686    0.951525    -2.4528    -0.0167517    0.0896691    -0.609247
6.08981    0.982881    -0.605371    -0.00542999    2.28857e-10    -0.841624
7.23491    0.705799    0.0931487    0.0499746    0.00151425    -0.980779
2.68303    0.85991    -1.58337    -0.0109764    -0.00043162    -0.640852
1.15917    0.986674    -2.07223    -0.00445292    -0.000237183    -0.0316462
5.24579    0.901384    -2.07392    0.015758    0    -0.664678
4.42705    0.928097    0.59349    -0.0258471    0    -0.691457
3.31332    0.431711    0.65982    -0.0354714    -0.00441669    -0.739643
0.72196    0.813086    0.113932    0.0132428    0    -0.442579
6.31371    0.759469    -0.338219    -0.000184274    0    -0.867905
7.03621    0.990067    1.0291    0.0135043    0    -0.916047
7.54059    0.88506    -0.707611    -0.0291831    0.000249373    -0.966694
4.92854    0.478698    -1.89038    -0.0114064    0.000607141    -0.819384
4.60314    0.912821    0.0472777    -0.0416945    1.75729e-09    -0.604577
5.92157    0.98085    0.74286    0.00433318    0    -0.760381
6.30484    0.986757    -0.564765    0.00399475    0    -0.925913
2.06135    0.495384    1.49243    -0.0162591    0    -0.332953
3.56552    0.988845    0.329882    -0.0521333    -1.55369e-09    -0.344563
1.74062    0.257926    -0.668764    1.96327e-05    0    -0.0536909
2.58647    0.281658    -2.56426    -0.0496241    0.000987301    -0.933796
3.06658    0.280723    -2.90175    0.0289684    -0.0881895    -0.720978
4.9001    0.905217    -2.6188    0.0100164    0    -0.753111
2.39033    0.783257    -0.531839    0.00512175    0    -0.30703
6.00333    0.966312    1.12982    -0.00547148    0.000251265    -0.893741
8.25445    0.991279    -1.96859    0.0190474    0    -0.97556
5.38403    0.604326    1.88536    0.0215329    -0.0155999    -0.944456
7.37635    0.997751    -2.34525    -0.02299    0    -0.931127
6.56152    0.932083    2.55412    -0.0178844    -5.32997e-10    -0.924376
5.26102    0.988997    0.521539    0.0139206    0    -0.694975
5.91067    0.939395    -1.96885    0.000580997    0    -0.848483
8.43675    0.995459    3.00073    -0.0557009    1.66002e-09    -0.988767
